function dydt=compostfitall(t,y); %fitting with more variables than compostfit (CH4, O2)
global thetag;
%1er essai de fitting par la constante de décès
%bd=thetag
kinparam = thetag;


%insolubles substrates
C=y(1);	% carbohydrate kg/kgTM
P=y(2);
L=y(3);
H=y(4);
CE=y(5);
LG=y(6);
Xi=y(7);
%solubles substrates
Sc=y(8);	% carbohydrate soluble kg/kgTM
Sp=y(9);
Sl=y(10);
Sh=y(11);
Slg=y(12);
%biomass
Xmb=y(13); % biomass kg/kgTM
Xtb=y(14);
Xma=y(15);
Xta=y(16);
Xmf=y(17);
Xtf=y(18);
Xdb=y(19);
CO2=y(20); %CO2 kg/kgTM
W=y(21);   %H2O kg/kgTM
T=y(22);
%O2cons=y(23); %oxygen consommé kg/kgTM

%O2trans=y(25); %oxygène transféré dans la phase liquide kg/kgTM
O2diss=y(23); %dissolved oxygen kg/kgTM
%O2trans=y(24); 
%O2in=y(25);%oxygen entrant dans la phase gazeuse par le débit d'air kg/kgTM
CH4gen=y(24);
CH4oxi=y(25);
CH4=y(26);

TM= 0.6; %kg total matter
Ta = 285; %External temperature

%kh = [0.0001 0.0378 0.2991 2.8873e-05 0.0271 0.0153 0.009 0.0025 0.0078 0.009 0.0025 0.0313] %hydrolysis constant fitted when initial values of microorganisms are 0.001 (h-1)
%kh = [0.0336 0.0161 0.0076 0.0173 0.0333 0.0082 0.0090 0.0089 0.0086 0.0090 0.0089 0.0086] %hydrolysis constant fitted when initial values of microorganisms are 0.01 (h-1)
%kinparam = [0.04 0.02 0.01 0.02 0.04 0.01 0.009 0.007 0.007 0.009 0.007 0.007 0.2 0.18 0.1 0.12 0.1 0.1 0.03 0.02 0.01 0.015 0.01 0.01]; %kh,mu,bd not fitted
%mu = [0.2 0.18 0.1 0.12 0.1 0.1]; %specific growth rate (h-1)
%bd = [0.03 0.02 0.01 0.015 0.01 0.01]; %death rate (h-1)
K=[6.2e-5 1e-4 0.2 0.0025 7e-9 ]; %kinetic parameters
KT = [440 0.072 1 2 0.09 1]; %parameters for temperature module
Yx_s= 0.35; %biomass yield on substrate kgX/kgS
Yx_co2 = [0.445717506 0.293234476	0.165284084	0.445717506	0.293234476	0.165284084	0.445717506	0.293234476	0.165284084	0.139609659	0.445717506	0.293234476	0.165284084	0.139609659	0.41509283	0.254264706	0.160882526	0.136456284	0.19653097	0.41509283	0.254264706	0.160882526	0.136456284	0.19653097
]; %Yield coeff of biomass on CO2 kgX/kgCO2
Yx_h = [0.716485507	1.791988467	0.380836347	0.716485507	1.791988467	0.380836347	0.716485507	1.791988467	0.380836347	0.329440099	0.716485507	1.791988467	0.380836347	0.329440099	0.830451489	2.728498673	0.410802056	0.351627849	0.625936213	0.830451489	2.728498673	0.410802056	0.351627849	0.625936213
]; %Yield coeff of biomass on H2O kgX/kgH2O
Yx_O2mol = [0.173553719	0.098678414	0.044403196	0.173553719	0.098678414	0.044403196	0.173553719	0.098678414	0.044403196	0.054361283	0.173553719	0.098678414	0.044403196	0.054361283	0.07678245	0.044286279	0.019267472	0.024607076	0.027217967	0.07678245	0.044286279	0.019267472	0.024607076	0.027217967];
%yield coeff biomass on O2 molX/molO2
Yx_o2 = [0.61286157	0.34845815	0.156798785	0.61286157	0.34845815	0.156798785	0.61286157	0.34845815	0.156798785	0.191963281	0.61286157	0.34845815	0.156798785	0.191963281	0.592664534	0.341834717	0.148720799	0.189935871	0.210088681	0.592664534	0.341834717	0.148720799	0.189935871	0.210088681	0.040522541
]; %Yield coeff biomass on O2 kgX/kgO2



Ks = K(1); %substrate saturation for monod kinetics (kgSc/dm3W)
Khs = K(2); %coefficient de saturation pour les cinétiques de contois
fi = K(3); %Proportion of dead biomass recycled to inert materials
kdec = K(4); %microorganisms decomposition constant
kO2=K(5); %oxygen saturation for heterotrophic activities (kgO2/l)

%Methane module parameters
Ych4_Sc = 0.267; %kgCH4/kgSC
Ych4_Sp = 0.375 ; %kgCH4/kgSp
Ych4_Sl = 0.707; %kgCH4/kgSl
Ych4_Sh = 0.284 ; 
Ych4_Slg = 0.535 ;
eta = 4e5 ; %L/mol %sensitivity of methangogenesis to inhibition by oxygen
Vmax = 5.35e-4; %kgCH4/kgTM.h vitesse maximale d'oxydation de methane
km = 0.72 ; %kg/l Michaelis constant for methane oxidation
Kch4_O2 = 0.033; %mol/l Michelis constant for oxygen in methane oxidation



hbio = KT(1); %chaleur dégagée par mol d'oxygène consommée (kJ/mol d'O2)
Qair = KT(2); %débit d'air par aération passive (kg/h) 0.072 value from Rasapoo, equivalent to 0.6 l/m3.kg 
Ca = KT(3); %Capacité calorifique de l'air sec (kJ/K.kg)
Cw = KT(4); %Capacité calorique des biodéchets (kJ/K.kg)
U = KT(5); %heat transfer coefficient of wall (kJ/m2.K.h) %%valeur dans de Guardia 2012 : 7W/m2.C = 0.09 kJ/m2.h.K
A = KT (6); %surface area of heat conduction (m2)

%hydrolysis constant
kh1C = kinparam(1);	
kh2P = kinparam(2);
kh3L = kinparam(3);	
kh4C = kinparam(4);	
kh5P = kinparam(5);	
kh6L = kinparam(6);	
kh7H = kinparam(7);	
kh8CE = kinparam(8);	
kh9LG = kinparam(9);	
kh10H = kinparam(10);	
kh11CE = kinparam(11);	
kh12LG = kinparam(12);

%growth rate
mmb = kinparam(13);
mtb = kinparam(14);
mma = kinparam(15);
mta = kinparam(16);
mmf = kinparam(17);
mtf = kinparam(18);

%death rate
bmb = kinparam(19);
btb = kinparam(20);
bma = kinparam(21)*1;
bta = kinparam(22)*1;
bmf = kinparam(23)*1;
btf = kinparam(24)*1;

%Inverse of yield of biomass on CO2
Ymb_c_c = 1/Yx_co2(1) ; %MB on Sc
Ymb_p_c = 1/Yx_co2(2) ; %MB on Sp
Ymb_l_c = 1/Yx_co2(3) ; %MB on Sl
Ytb_c_c = 1/Yx_co2(4) ; %TB on Sc
Ytb_p_c = 1/Yx_co2(5) ; %TB on Sp
Ytb_l_c = 1/Yx_co2(6) ; %TB on Sl
Yma_c_c = 1/Yx_co2(7) ; %MA on Sc
Yma_p_c = 1/Yx_co2(8) ; %MA on Sp
Yma_l_c = 1/Yx_co2(9) ; %MA on Sl
Yma_h_c = 1/Yx_co2(10) ; %MA on Sh
Yta_c_c = 1/Yx_co2(11) ; %TA on Sc
Yta_p_c = 1/Yx_co2(12) ; %TA on Sp
Yta_l_c = 1/Yx_co2(13) ; %TA on Sl
Yta_h_c = 1/Yx_co2(14) ; %TA on Sh
Ymf_c_c = 1/Yx_co2(15) ; %MF on Sc
Ymf_p_c = 1/Yx_co2(16) ; %MF on Sp
Ymf_l_c = 1/Yx_co2(17) ; %MF on Sl
Ymf_h_c = 1/Yx_co2(18) ; %MF on Sh
Ymf_lg_c = 1/Yx_co2(19) ; %MF on Slg
Ytf_c_c = 1/Yx_co2(20) ; %TF on Sc
Ytf_p_c = 1/Yx_co2(21) ; %TF onSp
Ytf_l_c = 1/Yx_co2(22) ; %TF on Sl
Ytf_h_c = 1/Yx_co2(23) ; %TF on Sh
Ytf_lg_c = 1/Yx_co2(24) ; %TF on Slg

%Inverse of yield of biomass on H2O
Ymb_c_h = 1/Yx_h(1) ; %MB on Sc
Ymb_p_h = 1/Yx_h(2) ; %MB on Sp
Ymb_l_h = 1/Yx_h(3) ; %MB on Sl
Ytb_c_h = 1/Yx_h(4) ; %TB on Sc
Ytb_p_h = 1/Yx_h(5) ; %TB on Sp
Ytb_l_h = 1/Yx_h(6) ; %TB on Sl
Yma_c_h = 1/Yx_h(7) ; %MA on Sc
Yma_p_h = 1/Yx_h(8) ; %MA on Sp
Yma_l_h = 1/Yx_h(9) ; %MA on Sl
Yma_h_h = 1/Yx_h(10) ; %MA on Sh
Yta_c_h = 1/Yx_h(11) ; %TA on Sc
Yta_p_h = 1/Yx_h(12) ; %TA on Sp
Yta_l_h = 1/Yx_h(13) ; %TA on Sl
Yta_h_h = 1/Yx_h(14) ; %TA on Sh
Ymf_c_h = 1/Yx_h(15) ; %MF on Sc
Ymf_p_h = 1/Yx_h(16) ; %MF on Sp
Ymf_l_h = 1/Yx_h(17) ; %MF on Sl
Ymf_h_h = 1/Yx_h(18) ; %MF on Sh
Ymf_lg_h = 1/Yx_h(19) ; %MF on Slg
Ytf_c_h = 1/Yx_h(20) ; %TF on Sc
Ytf_p_h = 1/Yx_h(21) ; %TF onSp
Ytf_l_h = 1/Yx_h(22) ; %TF on Sl
Ytf_h_h = 1/Yx_h(23) ; %TF on Sh
Ytf_lg_h = 1/Yx_h(24) ; %TF on Slg

%Inverse of yield of biomass on O2
Ymb_c_o2 = 1/Yx_o2(1) ; %MB on Sc
Ymb_p_o2 = 1/Yx_o2(2) ; %MB on Sp
Ymb_l_o2 = 1/Yx_o2(3) ; %MB on Sl
Ytb_c_o2 = 1/Yx_o2(4) ; %TB on Sc
Ytb_p_o2 = 1/Yx_o2(5) ; %TB on Sp
Ytb_l_o2 = 1/Yx_o2(6) ; %TB on Sl
Yma_c_o2 = 1/Yx_o2(7) ; %MA on Sc
Yma_p_o2 = 1/Yx_o2(8) ; %MA on Sp
Yma_l_o2 = 1/Yx_o2(9) ; %MA on Sl
Yma_h_o2 = 1/Yx_o2(10) ; %MA on Sh
Yta_c_o2 = 1/Yx_o2(11) ; %TA on Sc
Yta_p_o2 = 1/Yx_o2(12) ; %TA on Sp
Yta_l_o2 = 1/Yx_o2(13) ; %TA on Sl
Yta_h_o2 = 1/Yx_o2(14) ; %TA on Sh
Ymf_c_o2 = 1/Yx_o2(15) ; %MF on Sc
Ymf_p_o2 = 1/Yx_o2(16) ; %MF on Sp
Ymf_l_o2 = 1/Yx_o2(17) ; %MF on Sl
Ymf_h_o2 = 1/Yx_o2(18) ; %MF on Sh
Ymf_lg_o2 = 1/Yx_o2(19) ; %MF on Slg
Ytf_c_o2 = 1/Yx_o2(20) ; %TF on Sc
Ytf_p_o2 = 1/Yx_o2(21) ; %TF onSp
Ytf_l_o2 = 1/Yx_o2(22) ; %TF on Sl
Ytf_h_o2 = 1/Yx_o2(23) ; %TF on Sh
Ytf_lg_o2 = 1/Yx_o2(24) ; %TF on Slg



%limitation by the substrate
fSc = (Sc/W)/(Ks+(Sc/W));
fSp=(Sp/W)/(Ks+(Sp/W));
fSl=(Sl/W)/(Ks+(Sl/W));
fSh=(Sh/W)/(Ks+(Sh/W));
fSlg=(Slg/W)/(Ks+(Slg/W));

%limitation function by temperature

Ti = T ;
Tmax1 = 355; %319
Tmin1 =  0; %280.1;
Topt1 =  322; %310.4;
%Tmax2 = 340.5; %355;
%Tmin2 = 305.8; %0;
%Topt2 = 332.2; %322;
fT1 = ((Ti-Tmax1)*(Ti-Tmin1)^2)/((Topt1-Tmin1)*((Topt1-Tmin1) *(Ti-Topt1)-(Topt1-Tmax1)*(Topt1+Tmin1-2*Ti))) ;
%fT2 = ((Ti-Tmax2)*(Ti-Tmin2)^2)/((Topt2-Tmin2)*((Topt2-Tmin2) *(Ti-Topt2)-(Topt2-Tmax2)*(Topt2+Tmin2-2*Ti))) ; %Oudart parameters

%fT = 0.01;

%Limitation function by the oxygen
