function dydt=windrow_vf2(t,y); %we add O2 equation v2


%insolubles substrates
C=y(1);	% carbohydrate kg/kgTM
P=y(2);
L=y(3);
H=y(4);
CE=y(5);
LG=y(6);
Xi=y(7);
%solubles substrates
Sc=y(8);	% carbohydrate soluble kg/kgTM
Sp=y(9);
Sl=y(10);
Sh=y(11);
Slg=y(12);
%biomass
Xmb=y(13); % biomass kg/kgTM
Xtb=y(14);
Xma=y(15);
Xta=y(16);
Xmf=y(17);
Xtf=y(18);
Xdb=y(19);
CO2=y(20); %CO2 kg/kgTM
W=y(21);   %H2O kg/kgTM
T=y(22);
CH4gen=y(23);
CH4oxi=y(24);
CH4=y(25);
Xa = y(26);
NO3 = y(27);
N2O =y(28);
N2 = y(29);
NH3 = y(30);
NH4 = y(31);
Wvap = y(32);
O2cons = y(33);
O2gaz = y(34);


%simulation FW+copeaux de bois 3:1 ; 8:1
Vtotal = (((3*1.5)/2)*6)/100000; %Un andain de 3m de larg, 1.5m de H, 20m de L
BD = 599; %   ; %kg/m3 for 2,9: 1 of FW/Wood; 750; %
TM= Vtotal * BD;
FAS =0.4; % 
rhoair = 1.2;


Ta = 295; %External temperature

%kh = [0.0001 0.0378 0.2991 2.8873e-05 0.0271 0.0153 0.009 0.0025 0.0078 0.009 0.0025 0.0313];
kh=[0.0293    0.1508    1.4563e-07    0.0053    0.1731    0.0182    0.0090 0.0070    0.0068    0.0090    0.0070    0.0068]; %vrai

%kh =[2.0580e-05    0.4387    0.7462    0.0000    0.4655    1.1000    0.0090    0.1435    0.2932    0.0090    0.0279    0.3257]
mu = [0.2 0.18 0.1 0.12 0.1 0.1 0.03]; %specific growth rate (h-1) ma = 0.03 0.006
bd = [0.03 0.02 0.01 0.015 0.01 0.01 0.0083]; %death rate (h-1)
K=[6.2e-5 1e-4 0.2 0.0025 0.007e-6 0.0608e-5]; %kinetic parameters
KT = [440 0.3 1 2 0.09 4]; %parameters for temperature module, Qair in l/mn.kg of waste 0.9
Yx_s= 0.35; %biomass yield on substrate kgX/kgS
Yx_co2 = [0.445717506 0.293234476	0.165284084	0.445717506	0.293234476	0.165284084	0.445717506	0.293234476	0.165284084	0.139609659	0.445717506	0.293234476	0.165284084	0.139609659	0.41509283	0.254264706	0.160882526	0.136456284	0.19653097	0.41509283	0.254264706	0.160882526	0.136456284	0.19653097
]; %Yield coeff of biomass on CO2 kgX/kgCO2
Yx_h = [0.716485507	1.791988467	0.380836347	0.716485507	1.791988467	0.380836347	0.716485507	1.791988467	0.380836347	0.329440099	0.716485507	1.791988467	0.380836347	0.329440099	0.830451489	2.728498673	0.410802056	0.351627849	0.625936213	0.830451489	2.728498673	0.410802056	0.351627849	0.625936213
]; %Yield coeff of biomass on H2O kgX/kgH2O
Yx_O2mol = [0.173553719	0.098678414	0.044403196	0.173553719	0.098678414	0.044403196	0.173553719	0.098678414	0.044403196	0.054361283	0.173553719	0.098678414	0.044403196	0.054361283	0.07678245	0.044286279	0.019267472	0.024607076	0.027217967	0.07678245	0.044286279	0.019267472	0.024607076	0.027217967];
%yield coeff biomass on O2 molX/molO2
Yx_o2 = [0.61286157	0.34845815	0.156798785	0.61286157	0.34845815	0.156798785	0.61286157	0.34845815	0.156798785	0.191963281	0.61286157	0.34845815	0.156798785	0.191963281	0.592664534	0.341834717	0.148720799	0.189935871	0.210088681	0.592664534	0.341834717	0.148720799	0.189935871	0.210088681	0.040522541
]; %Yield coeff biomass on O2 kgX/kgO2
Yxa_no3 = 0.0390553; %Yield coeff of autotroph biomass on NO3 kgXa/kgNO3
Yxa_nh4 = 0.13; %Yield coeff of autotroph biomass on NO3 kgXa/kgNH4
Yx_nh4 = [6.64705882352941	2.490625447	6.647058824	6.64705882352941	2.490625447	6.647058824	0.705882353	2.490625447	6.647058824	6.647058824	0.705882353	2.490625447	6.647058824	6.647058824	14.52941176	2.069869946	14.52941176	14.52941176	14.52941176	14.52941176	2.069869946	14.52941176	14.52941176	14.52941176
]; %Yield coeff of heterotrophic biomass on NH3 kgX/kgNH3


Ks = K(1); %substrate saturation for monod kinetics (kgSc/dm3W)
Khs = K(2); %coefficient de saturation pour les cinétiques de contois
fi = K(3); %Proportion of dead biomass recycled to inert materials
kdec = K(4); %microorganisms decomposition constant
kO2=K(5); %oxygen saturation for heterotrophic activities (kgO2/l)
kO2nit = K(6); %oxygen saturation for nitrification (kgO2/l)


%Vwaste = 0.6/350; %m3%mass/rhobiowaste
Vgas = FAS*Vtotal;
%Vgas = 0.6*Vwaste;
R = 8.134; %Pa.m3/mol.K

%Methane module parameters
Ych4_Sc = 0.267; %kgCH4/kgSC
Ych4_Sp = 0.375 ; %kgCH4/kgSp
Ych4_Sl = 0.707; %kgCH4/kgSl
Ych4_Sh = 0.284 ; 
Ych4_Slg = 0.535 ;
eta = 4e5; %*0.02 ; %L/mol %sensitivity of methangogenesis to inhibition by oxygen
Vmax = 5.35e-4; %kgCH4/kgTM.h vitesse maximale d'oxydation de methane
km = 0.72 ; %kg/l Michaelis constant for methane oxidation
Kch4_O2 = 0.033; %mol/l Michelis constant for oxygen in methane oxidation



hbio = KT(1); %chaleur dégagée par mol d'oxygène consommée (kJ/mol d'O2)
Qair = KT(2)*1e-3*TM*rhoair*60; %kg/h
Ca = KT(3); %Capacité calorifique de l'air sec (kJ/K.kg)
Cw = KT(4); %Capacité calorique des biodéchets (kJ/K.kg)
U = KT(5); %heat transfer coefficient of wall (kJ/m2.K.h) %%valeur dans de Guardia 2012 : 7W/m2.C = 0.09 kJ/m2.h.K
A = KT (6)/100; %surface area of heat conduction (m2)

%hydrolysis constant
kh1C = kh(1); %*1.2;	
kh2P = kh(2)*0.5;
kh3L = kh(3); %*5e-2;	
kh4C = kh(4);	
kh5P = kh(5)*0.5;	
kh6L = kh(6); %*5e-2;	
kh7H = kh(7);	
kh8CE = kh(8);	
kh9LG = kh(9);	
kh10H = kh(10);	
kh11CE = kh(11);	
kh12LG = kh(12);

%growth rate
mmb = mu(1);
mtb = mu(2);
mma = mu(3);
mta = mu(4);
mmf = mu(5);
mtf = mu(6);
ma = mu(7)*0.1; %growth rate of autotroph biomass

%death rate
bmb = bd(1)*0.4;
btb = bd(2)*0.4;
bma = bd(3)*1;
bta = bd(4)*1;
bmf = bd(5)*1;
btf = bd(6)*1;
ba = bd(7); %death constant of autotroph biomass

%Inverse of yield of biomass on CO2
Ymb_c_c = 1/Yx_co2(1) ; %MB on Sc
Ymb_p_c = 1/Yx_co2(2) ; %MB on Sp
Ymb_l_c = 1/Yx_co2(3) ; %MB on Sl
Ytb_c_c = 1/Yx_co2(4) ; %TB on Sc
Ytb_p_c = 1/Yx_co2(5) ; %TB on Sp
Ytb_l_c = 1/Yx_co2(6) ; %TB on Sl
Yma_c_c = 1/Yx_co2(7) ; %MA on Sc
Yma_p_c = 1/Yx_co2(8) ; %MA on Sp
Yma_l_c = 1/Yx_co2(9) ; %MA on Sl
Yma_h_c = 1/Yx_co2(10) ; %MA on Sh
Yta_c_c = 1/Yx_co2(11) ; %TA on Sc
Yta_p_c = 1/Yx_co2(12) ; %TA on Sp
Yta_l_c = 1/Yx_co2(13) ; %TA on Sl
Yta_h_c = 1/Yx_co2(14) ; %TA on Sh
Ymf_c_c = 1/Yx_co2(15) ; %MF on Sc
Ymf_p_c = 1/Yx_co2(16) ; %MF on Sp
Ymf_l_c = 1/Yx_co2(17) ; %MF on Sl
Ymf_h_c = 1/Yx_co2(18) ; %MF on Sh
Ymf_lg_c = 1/Yx_co2(19) ; %MF on Slg
Ytf_c_c = 1/Yx_co2(20) ; %TF on Sc
Ytf_p_c = 1/Yx_co2(21) ; %TF onSp
Ytf_l_c = 1/Yx_co2(22) ; %TF on Sl
Ytf_h_c = 1/Yx_co2(23) ; %TF on Sh
Ytf_lg_c = 1/Yx_co2(24) ; %TF on Slg

%Inverse of yield of biomass on H2O
Ymb_c_h = 1/Yx_h(1) ; %MB on Sc
Ymb_p_h = 1/Yx_h(2) ; %MB on Sp
Ymb_l_h = 1/Yx_h(3) ; %MB on Sl
Ytb_c_h = 1/Yx_h(4) ; %TB on Sc
Ytb_p_h = 1/Yx_h(5) ; %TB on Sp
Ytb_l_h = 1/Yx_h(6) ; %TB on Sl
Yma_c_h = 1/Yx_h(7) ; %MA on Sc
Yma_p_h = 1/Yx_h(8) ; %MA on Sp
Yma_l_h = 1/Yx_h(9) ; %MA on Sl
Yma_h_h = 1/Yx_h(10) ; %MA on Sh
Yta_c_h = 1/Yx_h(11) ; %TA on Sc
Yta_p_h = 1/Yx_h(12) ; %TA on Sp
Yta_l_h = 1/Yx_h(13) ; %TA on Sl
Yta_h_h = 1/Yx_h(14) ; %TA on Sh
Ymf_c_h = 1/Yx_h(15) ; %MF on Sc
Ymf_p_h = 1/Yx_h(16) ; %MF on Sp
Ymf_l_h = 1/Yx_h(17) ; %MF on Sl
Ymf_h_h = 1/Yx_h(18) ; %MF on Sh
Ymf_lg_h = 1/Yx_h(19) ; %MF on Slg
Ytf_c_h = 1/Yx_h(20) ; %TF on Sc
Ytf_p_h = 1/Yx_h(21) ; %TF onSp
Ytf_l_h = 1/Yx_h(22) ; %TF on Sl
Ytf_h_h = 1/Yx_h(23) ; %TF on Sh
Ytf_lg_h = 1/Yx_h(24) ; %TF on Slg

%Inverse of yield of biomass on O2
Ymb_c_o2 = 1/Yx_o2(1) ; %MB on Sc
Ymb_p_o2 = 1/Yx_o2(2) ; %MB on Sp
Ymb_l_o2 = 1/Yx_o2(3) ; %MB on Sl
Ytb_c_o2 = 1/Yx_o2(4) ; %TB on Sc
Ytb_p_o2 = 1/Yx_o2(5) ; %TB on Sp
Ytb_l_o2 = 1/Yx_o2(6) ; %TB on Sl
Yma_c_o2 = 1/Yx_o2(7) ; %MA on Sc
Yma_p_o2 = 1/Yx_o2(8) ; %MA on Sp
Yma_l_o2 = 1/Yx_o2(9) ; %MA on Sl
Yma_h_o2 = 1/Yx_o2(10) ; %MA on Sh
Yta_c_o2 = 1/Yx_o2(11) ; %TA on Sc
Yta_p_o2 = 1/Yx_o2(12) ; %TA on Sp
Yta_l_o2 = 1/Yx_o2(13) ; %TA on Sl
Yta_h_o2 = 1/Yx_o2(14) ; %TA on Sh
Ymf_c_o2 = 1/Yx_o2(15) ; %MF on Sc
Ymf_p_o2 = 1/Yx_o2(16) ; %MF on Sp
Ymf_l_o2 = 1/Yx_o2(17) ; %MF on Sl
Ymf_h_o2 = 1/Yx_o2(18) ; %MF on Sh
Ymf_lg_o2 = 1/Yx_o2(19) ; %MF on Slg
Ytf_c_o2 = 1/Yx_o2(20) ; %TF on Sc
Ytf_p_o2 = 1/Yx_o2(21) ; %TF onSp
Ytf_l_o2 = 1/Yx_o2(22) ; %TF on Sl
Ytf_h_o2 = 1/Yx_o2(23) ; %TF on Sh
Ytf_lg_o2 = 1/Yx_o2(24) ; %TF on Slg
Yxa_o2 = 1/Yx_o2(25) ; %Xa on NH4

%Inverse of yield of biomass on NH4
Ymb_c_nh4 = 1/Yx_nh4(1) ; %MB on Sc
Ymb_p_nh4 = 1/Yx_nh4(2) ; %MB on Sp
